system-exclusive hex 7E 7F 06 02 00 20 6B 06 00 06 01 01 01 02 06 dec
system-exclusive hex 00 20 6B 07 7F 30 02 42 20 7F dec
system-exclusive hex 00 20 6B 07 7F 32 02 42 21 00 dec
system-exclusive hex 00 20 6B 07 7F 34 02 42 25 05 dec
system-exclusive hex 00 20 6B 07 7F 36 02 42 26 01 dec
system-exclusive hex 00 20 6B 07 7F 38 02 42 2B 01 dec
system-exclusive hex 00 20 6B 07 7F 3A 02 42 3B 01 dec
system-exclusive hex 00 20 6B 07 7F 3C 02 42 24 01 dec
system-exclusive hex 00 20 6B 07 7F 3E 02 42 3C 03 dec
system-exclusive hex 00 20 6B 07 7F 40 02 42 2E 00 dec
system-exclusive hex 00 20 6B 07 7F 42 02 42 31 03 dec
system-exclusive hex 00 20 6B 07 7F 44 02 42 3D 00 dec
system-exclusive hex 00 20 6B 07 7F 46 02 42 38 00 dec
system-exclusive hex 00 20 6B 07 7F 48 02 42 39 00 dec
system-exclusive hex 00 20 6B 07 7F 4A 02 42 3A 05 dec
system-exclusive hex 00 20 6B 07 7F 4C 02 42 36 24 dec
system-exclusive hex 00 20 6B 07 7F 4E 02 42 37 18 dec
system-exclusive hex 00 20 6B 07 7F 50 02 42 2D 00 dec
system-exclusive hex 00 20 6B 07 7F 52 02 42 3E 00 dec
system-exclusive hex 00 20 6B 07 7F 54 02 42 42 40 dec
system-exclusive hex 00 20 6B 07 7F 56 02 42 3F 01 dec
system-exclusive hex 00 20 6B 07 7F 58 02 42 41 32 dec
system-exclusive hex 00 20 6B 07 7F 5A 02 42 27 00 dec
system-exclusive hex 00 20 6B 07 7F 5C 02 42 28 00 dec
system-exclusive hex 00 20 6B 07 01 17 23 52 00 00 00 00 00 00 00 00 00 00 08 10 44 69 73 72 65 73 70 65 63 74 66 75 6C 00 00 00 00 00 00 00 00 00 00 dec
system-exclusive hex 00 20 6B 07 01 18 23 52 00 01 00 00 00 00 00 00 01 00 00 10 50 75 6E 69 73 68 65 72 00 00 00 00 00 00 00 00 00 00 00 00 00 00 00 dec
system-exclusive hex 00 20 6B 07 01 19 23 52 00 02 00 00 00 00 00 00 02 00 05 10 54 72 61 6E 63 65 00 00 00 00 00 00 00 00 00 00 00 00 00 00 00 00 00 dec
system-exclusive hex 00 20 6B 07 01 1A 23 52 00 03 00 00 00 00 00 00 03 00 03 10 45 74 68 65 72 00 00 00 00 00 00 00 00 00 00 00 00 00 00 00 00 00 00 dec
system-exclusive hex 00 20 6B 07 01 1B 23 52 00 04 00 00 00 00 00 00 04 00 07 10 4D 6F 74 69 76 53 65 71 00 00 00 00 00 00 00 00 00 00 00 00 00 00 00 dec
system-exclusive hex 00 20 6B 07 01 1C 23 52 00 05 00 00 00 00 00 00 05 00 05 10 41 66 74 2D 57 61 76 50 61 64 00 00 00 00 00 00 00 00 00 00 00 00 00 dec
system-exclusive hex 00 20 6B 07 01 1D 23 52 00 06 00 00 00 00 00 00 06 00 07 10 42 72 64 20 42 75 74 20 41 72 70 00 00 00 00 00 00 00 00 00 00 00 00 dec
system-exclusive hex 00 20 6B 07 01 1E 23 52 00 07 00 00 00 00 00 00 07 00 07 10 49 44 6D 35 00 00 00 00 00 00 00 00 00 00 00 00 00 00 00 00 00 00 00 dec
system-exclusive hex 00 20 6B 07 01 1F 23 52 00 08 00 00 00 00 00 00 08 00 00 10 32 36 31 65 00 00 00 00 00 00 00 00 00 00 00 00 00 00 00 00 00 00 00 dec
system-exclusive hex 00 20 6B 07 01 20 23 52 00 09 00 00 00 00 00 00 09 00 05 10 49 6E 76 69 74 61 74 69 6F 6E 00 00 00 00 00 00 00 00 00 00 00 00 00 dec
system-exclusive hex 00 20 6B 07 01 21 23 52 00 0A 00 00 00 00 00 00 0A 00 07 10 43 6C 75 62 20 56 00 00 00 00 00 00 00 00 00 00 00 00 00 00 00 00 00 dec
system-exclusive hex 00 20 6B 07 01 22 23 52 00 0B 00 00 00 00 00 00 0B 00 08 10 52 69 6E 67 75 73 73 69 6F 6E 00 00 00 00 00 00 00 00 00 00 00 00 00 dec
system-exclusive hex 00 20 6B 07 01 23 23 52 00 0C 00 00 00 00 00 00 0C 00 08 10 50 69 6B 64 6F 77 6E 00 00 00 00 00 00 00 00 00 00 00 00 00 00 00 00 dec
system-exclusive hex 00 20 6B 07 01 24 23 52 00 0D 00 40 03 00 00 00 0D 00 07 10 4D 69 63 68 74 61 63 6B 00 00 00 00 00 00 00 00 00 00 00 00 00 00 00 dec
system-exclusive hex 00 20 6B 07 01 25 23 52 00 0E 00 00 00 00 00 00 0E 00 03 10 50 6F 6C 79 42 65 6C 6C 73 00 00 00 00 00 00 00 00 00 00 00 00 00 00 dec
system-exclusive hex 00 20 6B 07 01 26 23 52 00 0F 00 00 00 00 00 00 0F 00 08 10 4E 75 6D 62 65 72 20 53 74 61 74 69 6F 6E 00 00 00 00 00 00 00 00 00 dec
system-exclusive hex 00 20 6B 07 01 27 23 52 00 10 00 00 00 00 00 00 10 00 06 10 54 75 62 75 6C 61 72 00 00 00 00 00 00 00 00 00 00 00 00 00 00 00 00 dec
system-exclusive hex 00 20 6B 07 01 28 23 52 00 11 00 00 00 00 00 00 11 00 07 10 43 68 69 70 00 00 00 00 00 00 00 00 00 00 00 00 00 00 00 00 00 00 00 dec
system-exclusive hex 00 20 6B 07 01 29 23 52 00 12 00 00 00 00 00 00 12 00 03 10 42 72 69 67 68 74 42 69 6E 61 72 79 00 00 00 00 00 00 00 00 00 00 00 dec
system-exclusive hex 00 20 6B 07 01 2A 23 52 00 13 00 00 00 00 00 00 13 00 02 10 41 72 70 2D 66 69 00 00 00 00 00 00 00 00 00 00 00 00 00 00 00 00 00 dec
system-exclusive hex 00 20 6B 07 01 2B 23 52 00 14 00 00 00 00 00 00 14 00 09 10 53 68 6F 72 74 20 53 74 72 69 6E 67 73 00 00 00 00 00 00 00 00 00 00 dec
system-exclusive hex 00 20 6B 07 01 2C 23 52 00 15 00 00 00 00 00 00 15 00 07 10 52 61 76 65 72 7A 00 00 00 00 00 00 00 00 00 00 00 00 00 00 00 00 00 dec
system-exclusive hex 00 20 6B 07 01 2D 23 52 00 16 00 00 00 00 00 00 16 00 02 10 41 6C 69 47 6F 6F 70 00 00 00 00 00 00 00 00 00 00 00 00 00 00 00 00 dec
system-exclusive hex 00 20 6B 07 01 2E 23 52 00 17 00 00 00 00 00 00 17 00 02 10 53 74 61 6E 32 00 00 00 00 00 00 00 00 00 00 00 00 00 00 00 00 00 00 dec
system-exclusive hex 00 20 6B 07 01 2F 23 52 00 18 00 00 00 00 00 00 18 00 07 10 38 30 38 20 53 74 38 20 4D 38 00 00 00 00 00 00 00 00 00 00 00 00 00 dec
system-exclusive hex 00 20 6B 07 01 30 23 52 00 19 00 00 00 00 00 00 19 00 07 10 4C 39 6E 31 00 00 00 00 00 00 00 00 00 00 00 00 00 00 00 00 00 00 00 dec
system-exclusive hex 00 20 6B 07 01 31 23 52 00 1A 00 00 00 00 00 00 1A 00 08 10 56 6F 69 64 6F 6D 00 00 00 00 00 00 00 00 00 00 00 00 00 00 00 00 00 dec
system-exclusive hex 00 20 6B 07 01 32 23 52 00 1B 00 00 00 00 00 00 1B 00 07 10 44 61 66 74 00 00 00 00 00 00 00 00 00 00 00 00 00 00 00 00 00 00 00 dec
system-exclusive hex 00 20 6B 07 01 33 23 52 00 1C 00 00 00 00 00 00 1C 00 02 10 42 6F 6E 74 65 6D 70 69 73 00 00 00 00 00 00 00 00 00 00 00 00 00 00 dec
system-exclusive hex 00 20 6B 07 01 34 23 52 00 1D 00 00 00 00 00 00 1D 00 08 10 48 61 72 6D 6F 6E 69 63 54 75 6E 65 55 70 00 00 00 00 00 00 00 00 00 dec
system-exclusive hex 00 20 6B 07 01 35 23 52 00 1E 00 00 00 00 00 00 1E 00 03 10 49 78 6F 73 20 00 00 00 00 00 00 00 00 00 00 00 00 00 00 00 00 00 00 dec
system-exclusive hex 00 20 6B 07 01 36 23 52 00 1F 00 00 00 00 00 00 1F 00 00 10 43 68 6F 72 64 20 42 61 73 73 00 00 00 00 00 00 00 00 00 00 00 00 00 dec
system-exclusive hex 00 20 6B 07 01 37 23 52 00 20 00 00 00 00 00 00 20 00 07 10 42 6F 75 6E 63 4B 65 79 50 61 72 61 00 00 00 00 00 00 00 00 00 00 00 dec
system-exclusive hex 00 20 6B 07 01 38 23 52 00 21 00 00 00 00 00 00 21 00 00 10 43 6F 72 72 6F 73 69 6F 6E 00 00 00 00 00 00 00 00 00 00 00 00 00 00 dec
system-exclusive hex 00 20 6B 07 01 39 23 52 00 22 00 00 00 00 00 00 22 00 07 10 46 4D 20 53 65 71 00 00 00 00 00 00 00 00 00 00 00 00 00 00 00 00 00 dec
system-exclusive hex 00 20 6B 07 01 3A 23 52 00 23 00 00 00 00 00 00 23 00 07 10 52 6F 6C 6C 69 65 20 4C 6F 76 00 00 00 00 00 00 00 00 00 00 00 00 00 dec
system-exclusive hex 00 20 6B 07 01 3B 23 52 00 24 00 00 00 00 00 00 24 00 00 10 43 68 75 6E 6B 00 00 00 00 00 00 00 00 00 00 00 00 00 00 00 00 00 00 dec
system-exclusive hex 00 20 6B 07 01 3C 23 52 00 25 00 00 00 00 00 00 25 00 01 10 43 6C 61 73 73 69 73 74 00 00 00 00 00 00 00 00 00 00 00 00 00 00 00 dec
system-exclusive hex 00 20 6B 07 01 3D 23 52 00 26 00 00 00 00 00 00 26 00 07 10 4E 6F 73 74 72 6F 6D 6F 00 00 00 00 00 00 00 00 00 00 00 00 00 00 00 dec
system-exclusive hex 00 20 6B 07 01 3E 23 52 00 27 00 00 00 00 00 00 27 00 07 10 4A 6F 35 74 64 00 00 00 00 00 00 00 00 00 00 00 00 00 00 00 00 00 00 dec
system-exclusive hex 00 20 6B 07 01 3F 23 52 00 28 00 00 00 00 00 00 28 00 08 10 4D 61 64 74 72 61 6B 65 72 00 00 00 00 00 00 00 00 00 00 00 00 00 00 dec
system-exclusive hex 00 20 6B 07 01 40 23 52 00 29 00 00 00 00 00 00 29 00 05 10 48 6F 73 73 00 00 00 00 00 00 00 00 00 00 00 00 00 00 00 00 00 00 00 dec
system-exclusive hex 00 20 6B 07 01 41 23 52 00 2A 00 00 00 00 00 00 2A 00 07 10 53 69 6E 65 4C 6F 77 00 00 00 00 00 00 00 00 00 00 00 00 00 00 00 00 dec
system-exclusive hex 00 20 6B 07 01 42 23 52 00 2B 00 00 00 00 00 00 2B 00 08 10 46 4D 2D 69 74 00 00 00 00 00 00 00 00 00 00 00 00 00 00 00 00 00 00 dec
system-exclusive hex 00 20 6B 07 01 43 23 52 00 2C 00 00 00 00 00 00 2C 00 05 10 4C 6F 74 74 72 65 75 78 00 00 00 00 00 00 00 00 00 00 00 00 00 00 00 dec
system-exclusive hex 00 20 6B 07 01 44 23 52 00 2D 00 00 00 00 00 00 2D 00 00 10 58 6E 61 73 74 58 00 00 00 00 00 00 00 00 00 00 00 00 00 00 00 00 00 dec
system-exclusive hex 00 20 6B 07 01 45 23 52 00 2E 00 00 00 00 00 00 2E 00 05 10 57 68 69 74 65 20 43 61 6C 78 00 00 00 00 00 00 00 00 00 00 00 00 00 dec
system-exclusive hex 00 20 6B 07 01 46 23 52 00 2F 00 00 00 00 00 00 2F 00 07 10 56 69 6E 74 61 67 65 45 64 67 65 00 00 00 00 00 00 00 00 00 00 00 00 dec
system-exclusive hex 00 20 6B 07 01 47 23 52 00 30 00 00 00 00 00 00 30 00 02 10 53 63 69 20 4F 72 67 61 6E 00 00 00 00 00 00 00 00 00 00 00 00 00 00 dec
system-exclusive hex 00 20 6B 07 01 48 23 52 00 31 00 00 00 00 00 00 31 00 08 10 44 65 61 74 68 00 00 00 00 00 00 00 00 00 00 00 00 00 00 00 00 00 00 dec
system-exclusive hex 00 20 6B 07 01 49 23 52 00 32 00 00 00 00 00 00 32 00 02 10 53 6F 6C 69 74 75 64 65 00 00 00 00 00 00 00 00 00 00 00 00 00 00 00 dec
system-exclusive hex 00 20 6B 07 01 4A 23 52 00 33 00 00 00 00 00 00 33 00 02 10 4E 65 72 76 6F 75 73 4B 65 79 73 00 00 00 00 00 00 00 00 00 00 00 00 dec
system-exclusive hex 00 20 6B 07 01 4B 23 52 00 34 00 00 00 00 00 00 34 00 08 10 43 72 79 73 74 61 6C 00 00 00 00 00 00 00 00 00 00 00 00 00 00 00 00 dec
system-exclusive hex 00 20 6B 07 01 4C 23 52 00 35 00 00 00 00 00 00 35 00 03 10 52 65 62 65 6C 00 00 00 00 00 00 00 00 00 00 00 00 00 00 00 00 00 00 dec
system-exclusive hex 00 20 6B 07 01 4D 23 52 00 36 00 00 00 00 00 00 36 00 05 10 41 6E 61 6C 6F 72 64 69 63 00 00 00 00 00 00 00 00 00 00 00 00 00 00 dec
system-exclusive hex 00 20 6B 07 01 4E 23 52 00 37 00 00 00 00 00 00 37 00 03 10 50 6F 77 65 72 53 74 61 62 00 00 00 00 00 00 00 00 00 00 00 00 00 00 dec
system-exclusive hex 00 20 6B 07 01 4F 23 52 00 38 00 00 00 00 00 00 38 00 07 10 48 6F 6C 6C 6F 77 73 00 00 00 00 00 00 00 00 00 00 00 00 00 00 00 00 dec
system-exclusive hex 00 20 6B 07 01 50 23 52 00 39 00 00 00 00 00 00 39 00 08 10 4A 75 6E 6B 2E 4A 00 00 00 00 00 00 00 00 00 00 00 00 00 00 00 00 00 dec
system-exclusive hex 00 20 6B 07 01 51 23 52 00 3A 00 00 00 00 00 00 3A 00 08 10 53 75 62 79 20 52 61 69 6E 62 6F 77 00 00 00 00 00 00 00 00 00 00 00 dec
system-exclusive hex 00 20 6B 07 01 52 23 52 00 3B 00 00 00 00 00 00 3B 00 03 10 55 6E 73 74 61 62 6C 65 20 53 6F 6C 6F 00 00 00 00 00 00 00 00 00 00 dec
system-exclusive hex 00 20 6B 07 01 53 23 52 00 3C 00 00 00 00 00 00 3C 00 07 10 41 66 74 72 42 6C 75 73 68 00 00 00 00 00 00 00 00 00 00 00 00 00 00 dec
system-exclusive hex 00 20 6B 07 01 54 23 52 00 3D 00 00 00 00 00 00 3D 00 02 10 52 65 63 6F 6C 6C 65 63 74 69 6F 6E 00 00 00 00 00 00 00 00 00 00 00 dec
system-exclusive hex 00 20 6B 07 01 55 23 52 00 3E 00 00 00 00 00 00 3E 00 09 10 4D 6F 6F 64 20 53 74 72 69 6E 67 73 00 00 00 00 00 00 00 00 00 00 00 dec
system-exclusive hex 00 20 6B 07 01 56 23 52 00 3F 00 00 00 00 00 00 3F 00 07 10 41 63 69 64 20 47 72 61 69 6E 00 00 00 00 00 00 00 00 00 00 00 00 00 dec
system-exclusive hex 00 20 6B 07 01 57 23 52 00 40 00 00 00 00 00 00 40 00 02 10 4B 65 6E 64 72 6F 6B 00 00 00 00 00 00 00 00 00 00 00 00 00 00 00 00 dec
system-exclusive hex 00 20 6B 07 01 58 23 52 00 41 00 00 00 00 00 00 41 00 02 10 4D 6F 6F 64 00 00 00 00 00 00 00 00 00 00 00 00 00 00 00 00 00 00 00 dec
system-exclusive hex 00 20 6B 07 01 59 23 52 00 42 00 00 00 00 00 00 42 00 02 10 43 61 66 65 20 43 68 6F 72 64 00 00 00 00 00 00 00 00 00 00 00 00 00 dec
system-exclusive hex 00 20 6B 07 01 5A 23 52 00 43 00 00 00 00 00 00 43 00 05 10 47 72 61 69 6E 20 50 61 64 00 00 00 00 00 00 00 00 00 00 00 00 00 00 dec
system-exclusive hex 00 20 6B 07 01 5B 23 52 00 44 00 00 00 00 00 00 44 00 00 10 56 61 6E 61 72 78 00 00 00 00 00 00 00 00 00 00 00 00 00 00 00 00 00 dec
system-exclusive hex 00 20 6B 07 01 5C 23 52 00 45 00 00 00 00 00 00 45 00 05 10 41 6E 67 65 6C 73 00 00 00 00 00 00 00 00 00 00 00 00 00 00 00 00 00 dec
system-exclusive hex 00 20 6B 07 01 5D 23 52 00 46 00 00 00 00 00 00 46 00 00 10 43 61 6E 61 64 69 61 6E 20 42 61 73 73 00 00 00 00 00 00 00 00 00 00 dec
system-exclusive hex 00 20 6B 07 01 5E 23 52 00 47 00 00 00 00 00 00 47 00 07 10 33 6F 70 65 52 00 00 00 00 00 00 00 00 00 00 00 00 00 00 00 00 00 00 dec
system-exclusive hex 00 20 6B 07 01 5F 23 52 00 48 00 00 00 00 00 00 48 00 00 10 43 6C 69 63 68 65 64 20 54 68 69 6E 67 73 00 00 00 00 00 00 00 00 00 dec
system-exclusive hex 00 20 6B 07 01 60 23 52 00 49 00 00 00 00 00 00 49 00 07 10 53 77 65 65 70 20 53 51 00 00 00 00 00 00 00 00 00 00 00 00 00 00 00 dec
system-exclusive hex 00 20 6B 07 01 61 23 52 00 4A 00 00 00 00 00 00 4A 00 08 10 42 75 7A 7A 73 61 77 00 00 00 00 00 00 00 00 00 00 00 00 00 00 00 00 dec
system-exclusive hex 00 20 6B 07 01 62 23 52 00 4B 00 00 00 00 00 00 4B 00 03 10 53 2E 48 20 4C 64 00 00 00 00 00 00 00 00 00 00 00 00 00 00 00 00 00 dec
system-exclusive hex 00 20 6B 07 01 63 23 52 00 4C 00 00 00 00 00 00 4C 00 00 10 53 6E 65 61 6B 65 72 00 00 00 00 00 00 00 00 00 00 00 00 00 00 00 00 dec
system-exclusive hex 00 20 6B 07 01 64 23 52 00 4D 00 00 00 00 00 00 4D 00 05 10 53 61 79 69 6E 67 20 47 6F 6F 64 62 79 65 00 00 00 00 00 00 00 00 00 dec
system-exclusive hex 00 20 6B 07 01 65 23 52 00 4E 00 00 00 00 00 00 4E 00 05 10 41 75 74 6F 43 48 49 4C 4C 00 00 00 00 00 00 00 00 00 00 00 00 00 00 dec
system-exclusive hex 00 20 6B 07 01 66 23 52 00 4F 00 00 00 00 00 00 4F 00 03 10 45 6F 6E 7A 00 00 00 00 00 00 00 00 00 00 00 00 00 00 00 00 00 00 00 dec
system-exclusive hex 00 20 6B 07 01 67 23 52 00 50 00 00 00 00 00 00 50 00 05 10 41 20 4A 75 6E 6F 20 56 69 62 65 00 00 00 00 00 00 00 00 00 00 00 00 dec
system-exclusive hex 00 20 6B 07 01 68 23 52 00 51 00 00 00 00 00 00 51 00 03 10 41 72 70 5A 61 70 00 00 00 00 00 00 00 00 00 00 00 00 00 00 00 00 00 dec
system-exclusive hex 00 20 6B 07 01 69 23 52 00 52 00 00 00 00 00 00 52 00 07 10 54 72 61 64 69 74 6F 6E 00 00 00 00 00 00 00 00 00 00 00 00 00 00 00 dec
system-exclusive hex 00 20 6B 07 01 6A 23 52 00 53 00 00 00 00 00 00 53 00 07 10 47 61 6D 69 6E 67 00 00 00 00 00 00 00 00 00 00 00 00 00 00 00 00 00 dec
system-exclusive hex 00 20 6B 07 01 6B 23 52 00 54 00 00 00 00 00 00 54 00 07 10 4F 76 65 72 20 4D 65 00 00 00 00 00 00 00 00 00 00 00 00 00 00 00 00 dec
system-exclusive hex 00 20 6B 07 01 6C 23 52 00 55 00 00 00 00 00 00 55 00 09 10 4C 65 65 64 73 20 53 74 72 69 6E 67 73 00 00 00 00 00 00 00 00 00 00 dec
system-exclusive hex 00 20 6B 07 01 6D 23 52 00 56 00 00 00 00 00 00 56 00 02 10 50 72 65 73 73 20 53 6F 00 00 00 00 00 00 00 00 00 00 00 00 00 00 00 dec
system-exclusive hex 00 20 6B 07 01 6E 23 52 00 57 00 00 00 00 00 00 57 00 07 10 49 6E 76 61 64 65 72 73 00 00 00 00 00 00 00 00 00 00 00 00 00 00 00 dec
system-exclusive hex 00 20 6B 07 01 6F 23 52 00 58 00 00 00 00 00 00 58 00 03 10 4F 6E 20 48 61 72 6D 00 00 00 00 00 00 00 00 00 00 00 00 00 00 00 00 dec
system-exclusive hex 00 20 6B 07 01 70 23 52 00 59 00 00 00 00 00 00 59 00 07 10 41 72 70 20 32 6F 6C 39 00 00 00 00 00 00 00 00 00 00 00 00 00 00 00 dec
system-exclusive hex 00 20 6B 07 01 71 23 52 00 5A 00 00 00 00 00 00 5A 00 05 10 57 68 69 6D 73 79 00 00 00 00 00 00 00 00 00 00 00 00 00 00 00 00 00 dec
system-exclusive hex 00 20 6B 07 01 72 23 52 00 5B 00 00 00 00 00 00 5B 00 00 10 41 54 53 70 6F 6F 6B 42 61 73 73 00 00 00 00 00 00 00 00 00 00 00 00 dec
system-exclusive hex 00 20 6B 07 01 73 23 52 00 5C 00 00 00 00 00 00 5C 00 07 10 44 2D 46 75 6E 6B 00 00 00 00 00 00 00 00 00 00 00 00 00 00 00 00 00 dec
system-exclusive hex 00 20 6B 07 01 74 23 52 00 5D 00 00 00 00 00 00 5D 00 05 10 4B 6C 65 6F 00 00 00 00 00 00 00 00 00 00 00 00 00 00 00 00 00 00 00 dec
system-exclusive hex 00 20 6B 07 01 75 23 52 00 5E 00 00 00 00 00 00 5E 00 07 10 47 75 69 73 6B 79 00 00 00 00 00 00 00 00 00 00 00 00 00 00 00 00 00 dec
system-exclusive hex 00 20 6B 07 01 76 23 52 00 5F 00 00 00 00 00 00 5F 00 07 10 43 61 74 68 69 6C 00 00 00 00 00 00 00 00 00 00 00 00 00 00 00 00 00 dec
system-exclusive hex 00 20 6B 07 01 77 23 52 00 60 00 00 00 00 00 00 60 00 02 10 53 6D 6F 6F 74 68 20 50 64 00 00 00 00 00 00 00 00 00 00 00 00 00 00 dec
system-exclusive hex 00 20 6B 07 01 78 23 52 00 61 00 00 00 00 00 00 61 00 08 10 4C 61 6E 67 75 61 67 65 00 00 00 00 00 00 00 00 00 00 00 00 00 00 00 dec
system-exclusive hex 00 20 6B 07 01 79 23 52 00 62 00 00 00 00 00 00 62 00 02 10 42 6C 69 6E 64 00 00 00 00 00 00 00 00 00 00 00 00 00 00 00 00 00 00 dec
system-exclusive hex 00 20 6B 07 01 7A 23 52 00 63 00 00 00 00 00 00 63 00 02 10 47 6C 6F 75 64 61 6C 00 00 00 00 00 00 00 00 00 00 00 00 00 00 00 00 dec
system-exclusive hex 00 20 6B 07 01 7B 23 52 00 64 00 00 00 00 00 00 64 00 00 10 42 6F 65 72 73 00 00 00 00 00 00 00 00 00 00 00 00 00 00 00 00 00 00 dec
system-exclusive hex 00 20 6B 07 01 7C 23 52 00 65 00 00 00 00 00 00 65 00 05 10 54 72 61 70 65 75 72 7A 00 00 00 00 00 00 00 00 00 00 00 00 00 00 00 dec
system-exclusive hex 00 20 6B 07 01 7D 23 52 00 66 00 00 00 00 00 00 66 00 05 10 53 48 20 53 74 75 74 74 65 72 00 00 00 00 00 00 00 00 00 00 00 00 00 dec
system-exclusive hex 00 20 6B 07 01 7E 23 52 00 67 00 00 00 00 00 00 67 00 02 10 4C 6F 2D 46 69 4F 72 67 61 6E 00 00 00 00 00 00 00 00 00 00 00 00 00 dec
system-exclusive hex 00 20 6B 07 01 7F 23 52 00 68 00 00 00 00 00 00 68 00 06 10 4C 6F 6F 73 65 20 54 61 62 00 00 00 00 00 00 00 00 00 00 00 00 00 00 dec
system-exclusive hex 00 20 6B 07 01 00 23 52 00 69 00 00 00 00 00 00 69 00 05 10 54 6F 75 74 20 44 6F 75 78 00 00 00 00 00 00 00 00 00 00 00 00 00 00 dec
system-exclusive hex 00 20 6B 07 01 01 23 52 00 6A 00 00 00 00 00 00 6A 00 02 10 54 69 6E 6E 65 6E 64 6F 00 00 00 00 00 00 00 00 00 00 00 00 00 00 00 dec
system-exclusive hex 00 20 6B 07 01 02 23 52 00 6B 00 00 00 00 00 00 6B 00 07 10 47 72 6F 6F 76 45 00 00 00 00 00 00 00 00 00 00 00 00 00 00 00 00 00 dec
system-exclusive hex 00 20 6B 07 01 03 23 52 00 6C 00 00 00 00 00 00 6C 00 08 10 47 6C 69 74 63 68 4D 61 63 68 69 6E 65 00 00 00 00 00 00 00 00 00 00 dec
system-exclusive hex 00 20 6B 07 01 04 23 52 00 6D 00 00 00 00 00 00 6D 00 07 10 45 74 6E 61 20 30 31 00 00 00 00 00 00 00 00 00 00 00 00 00 00 00 00 dec
system-exclusive hex 00 20 6B 07 01 05 23 52 00 6E 00 00 00 00 00 00 6E 00 02 10 42 72 61 69 6E 65 20 53 74 6F 72 6D 00 00 00 00 00 00 00 00 00 00 00 dec
system-exclusive hex 00 20 6B 07 01 06 23 52 00 6F 00 00 00 00 00 00 6F 00 05 10 50 61 64 65 6C 00 00 00 00 00 00 00 00 00 00 00 00 00 00 00 00 00 00 dec
system-exclusive hex 00 20 6B 07 01 07 23 52 00 70 00 00 00 00 00 00 70 00 07 10 57 61 69 74 2E 2E 2E 00 00 00 00 00 00 00 00 00 00 00 00 00 00 00 00 dec
system-exclusive hex 00 20 6B 07 01 08 23 52 00 71 00 00 00 00 00 00 71 00 08 10 42 6F 74 73 44 79 69 6E 67 00 00 00 00 00 00 00 00 00 00 00 00 00 00 dec
system-exclusive hex 00 20 6B 07 01 09 23 52 00 72 00 00 00 00 00 00 72 00 07 10 56 61 6C 65 00 00 00 00 00 00 00 00 00 00 00 00 00 00 00 00 00 00 00 dec
system-exclusive hex 00 20 6B 07 01 0A 23 52 00 73 00 00 00 00 00 00 73 00 05 10 53 6C 6F 77 42 75 72 6E 00 00 00 00 00 00 00 00 00 00 00 00 00 00 00 dec
system-exclusive hex 00 20 6B 07 01 0B 23 52 00 74 00 00 00 00 00 00 74 00 05 10 53 74 65 70 70 61 64 00 00 00 00 00 00 00 00 00 00 00 00 00 00 00 00 dec
system-exclusive hex 00 20 6B 07 01 0C 23 52 00 75 00 00 00 00 00 00 75 00 09 10 43 6C 61 76 65 20 53 74 72 69 6E 67 00 00 00 00 00 00 00 00 00 00 00 dec
system-exclusive hex 00 20 6B 07 01 0D 23 52 00 76 00 00 00 00 00 00 76 00 09 10 44 61 72 6B 73 74 72 65 61 6D 00 00 00 00 00 00 00 00 00 00 00 00 00 dec
system-exclusive hex 00 20 6B 07 01 0E 23 52 00 77 00 00 00 00 00 00 77 00 02 10 41 72 61 6D 65 00 00 00 00 00 00 00 00 00 00 00 00 00 00 00 00 00 00 dec
system-exclusive hex 00 20 6B 07 01 0F 23 52 00 78 00 00 00 00 00 00 78 00 08 10 41 54 5A 61 70 00 00 00 00 00 00 00 00 00 00 00 00 00 00 00 00 00 00 dec
system-exclusive hex 00 20 6B 07 01 10 23 52 00 79 00 00 00 00 00 00 79 00 04 10 4F 72 67 61 6E 69 73 6D 00 00 00 00 00 00 00 00 00 00 00 00 00 00 00 dec
system-exclusive hex 00 20 6B 07 01 11 23 52 00 7A 00 00 00 00 00 00 7A 00 00 10 56 65 6C 6F 53 70 61 72 6B 6C 7A 00 00 00 00 00 00 00 00 00 00 00 00 dec
system-exclusive hex 00 20 6B 07 01 12 23 52 00 7B 00 00 00 00 00 00 7B 00 05 10 4E 6F 73 74 00 00 00 00 00 00 00 00 00 00 00 00 00 00 00 00 00 00 00 dec
system-exclusive hex 00 20 6B 07 01 13 23 52 00 7C 00 00 00 00 00 00 7C 00 08 10 54 65 63 68 6E 69 43 68 6F 72 64 73 00 00 00 00 00 00 00 00 00 00 00 dec
system-exclusive hex 00 20 6B 07 01 14 23 52 00 7D 00 00 00 00 00 00 7D 00 00 10 46 2D 42 61 63 6B 00 00 00 00 00 00 00 00 00 00 00 00 00 00 00 00 00 dec
system-exclusive hex 00 20 6B 07 01 15 23 52 00 7E 00 00 00 00 00 00 7E 00 00 10 41 63 69 64 46 72 6F 67 00 00 00 00 00 00 00 00 00 00 00 00 00 00 00 dec
system-exclusive hex 00 20 6B 07 01 16 23 52 00 7F 00 00 00 00 00 00 7F 00 00 10 41 6E 6C 67 00 00 00 00 00 00 00 00 00 00 00 00 00 00 00 00 00 00 00 dec
system-exclusive hex 00 20 6B 07 01 17 23 52 01 00 00 10 00 00 00 00 00 00 0A 10 53 71 75 61 72 65 20 50 6F 6C 79 00 00 00 00 00 00 00 00 00 00 00 00 dec
system-exclusive hex 00 20 6B 07 01 18 23 52 01 01 00 10 00 00 00 00 01 00 0A 10 4B 65 79 73 20 31 00 00 00 00 00 00 00 00 00 00 00 00 00 00 00 00 00 dec
system-exclusive hex 00 20 6B 07 01 19 23 52 01 02 00 10 00 00 00 00 02 00 0A 10 4B 65 79 73 20 32 00 00 00 00 00 00 00 00 00 00 00 00 00 00 00 00 00 dec
system-exclusive hex 00 20 6B 07 01 1A 23 52 01 03 00 10 00 00 00 00 03 00 0A 10 37 74 68 20 4B 65 79 73 00 00 00 00 00 00 00 00 00 00 00 00 00 00 00 dec
system-exclusive hex 00 20 6B 07 01 1B 23 52 01 04 00 10 00 00 00 00 04 00 0A 10 54 6F 79 20 50 69 61 6E 6F 00 00 00 00 00 00 00 00 00 00 00 00 00 00 dec
system-exclusive hex 00 20 6B 07 01 1C 23 52 01 05 00 10 00 00 00 00 05 00 0A 10 56 69 62 72 61 00 00 00 00 00 00 00 00 00 00 00 00 00 00 00 00 00 00 dec
system-exclusive hex 00 20 6B 07 01 1D 23 52 01 06 00 10 00 00 00 00 06 00 0A 10 4A 50 20 53 74 72 69 6E 67 73 00 00 00 00 00 00 00 00 00 00 00 00 00 dec
system-exclusive hex 00 20 6B 07 01 1E 23 52 01 07 00 10 00 00 00 00 07 00 0A 10 58 79 6C 6F 70 68 6F 6E 65 00 00 00 00 00 00 00 00 00 00 00 00 00 00 dec
system-exclusive hex 00 20 6B 07 01 1F 23 52 01 08 00 10 00 00 00 00 08 00 0A 10 53 74 72 69 6E 67 73 20 31 00 00 00 00 00 00 00 00 00 00 00 00 00 00 dec
system-exclusive hex 00 20 6B 07 01 20 23 52 01 09 00 10 00 00 00 00 09 00 0A 10 53 74 72 69 6E 67 73 20 32 00 00 00 00 00 00 00 00 00 00 00 00 00 00 dec
system-exclusive hex 00 20 6B 07 01 21 23 52 01 0A 00 10 00 00 00 00 0A 00 0A 10 4B 61 72 70 6C 75 53 74 72 69 6E 67 73 00 00 00 00 00 00 00 00 00 00 dec
system-exclusive hex 00 20 6B 07 01 22 23 52 01 0B 00 10 00 00 00 00 0B 00 0A 10 4B 61 72 70 61 64 00 00 00 00 00 00 00 00 00 00 00 00 00 00 00 00 00 dec
system-exclusive hex 00 20 6B 07 01 23 23 52 01 0C 00 10 00 00 00 00 0C 00 0A 10 42 72 61 73 73 20 31 00 00 00 00 00 00 00 00 00 00 00 00 00 00 00 00 dec
system-exclusive hex 00 20 6B 07 01 24 23 52 01 0D 00 10 00 00 00 00 0D 00 0A 10 42 72 61 73 73 20 32 00 00 00 00 00 00 00 00 00 00 00 00 00 00 00 00 dec
system-exclusive hex 00 20 6B 07 01 25 23 52 01 0E 00 10 00 00 00 00 0E 00 0A 10 53 6F 66 74 20 42 72 61 73 73 00 00 00 00 00 00 00 00 00 00 00 00 00 dec
system-exclusive hex 00 20 6B 07 01 26 23 52 01 0F 00 10 00 00 00 00 0F 00 0A 10 4F 72 67 61 6E 20 31 00 00 00 00 00 00 00 00 00 00 00 00 00 00 00 00 dec
system-exclusive hex 00 20 6B 07 01 27 23 52 01 10 00 10 00 00 00 00 10 00 0A 10 4F 72 67 61 6E 20 32 00 00 00 00 00 00 00 00 00 00 00 00 00 00 00 00 dec
system-exclusive hex 00 20 6B 07 01 28 23 52 01 11 00 10 00 00 00 00 11 00 0A 10 47 6C 61 73 73 20 4F 72 67 61 6E 00 00 00 00 00 00 00 00 00 00 00 00 dec
system-exclusive hex 00 20 6B 07 01 29 23 52 01 12 00 10 00 00 00 00 12 00 0A 10 4E 69 67 68 74 20 4F 72 67 61 6E 00 00 00 00 00 00 00 00 00 00 00 00 dec
system-exclusive hex 00 20 6B 07 01 2A 23 52 01 13 00 10 00 00 00 00 13 00 0A 10 43 68 6F 72 67 61 6E 00 00 00 00 00 00 00 00 00 00 00 00 00 00 00 00 dec
system-exclusive hex 00 20 6B 07 01 2B 23 52 01 14 00 10 00 00 00 00 14 00 0A 10 46 75 73 69 6F 6E 20 4C 65 61 64 00 00 00 00 00 00 00 00 00 00 00 00 dec
system-exclusive hex 00 20 6B 07 01 2C 23 52 01 15 00 10 00 00 00 00 15 00 0A 10 4C 75 63 6B 79 20 4C 65 61 64 00 00 00 00 00 00 00 00 00 00 00 00 00 dec
system-exclusive hex 00 20 6B 07 01 2D 23 52 01 16 00 10 00 00 00 00 16 00 0A 10 46 4D 20 42 61 73 73 00 00 00 00 00 00 00 00 00 00 00 00 00 00 00 00 dec
system-exclusive hex 00 20 6B 07 01 2E 23 52 01 17 00 10 00 00 00 00 17 00 0A 10 53 61 77 20 42 61 73 73 00 00 00 00 00 00 00 00 00 00 00 00 00 00 00 dec
system-exclusive hex 00 20 6B 07 01 2F 23 52 01 18 00 10 00 00 00 00 18 00 0A 10 53 71 75 61 72 65 20 42 61 73 73 00 00 00 00 00 00 00 00 00 00 00 00 dec
system-exclusive hex 00 20 6B 07 01 30 23 52 01 19 00 10 00 00 00 00 19 00 0A 10 41 63 69 64 20 42 61 73 73 20 32 00 00 00 00 00 00 00 00 00 00 00 00 dec
system-exclusive hex 00 20 6B 07 01 31 23 52 01 1A 00 10 00 00 00 00 1A 00 0A 10 41 63 69 64 20 42 61 73 73 20 31 00 00 00 00 00 00 00 00 00 00 00 00 dec
system-exclusive hex 00 20 6B 07 01 32 23 52 01 1B 00 10 00 00 00 00 1B 00 0A 10 53 69 6D 70 6C 65 20 53 75 62 00 00 00 00 00 00 00 00 00 00 00 00 00 dec
system-exclusive hex 00 20 6B 07 01 33 23 52 01 1C 00 10 00 00 00 00 1C 00 0A 10 45 78 6F 74 69 63 20 50 65 72 63 00 00 00 00 00 00 00 00 00 00 00 00 dec
system-exclusive hex 00 20 6B 07 01 34 23 52 01 1D 00 10 00 00 00 00 1D 00 0A 10 42 65 6C 6C 73 20 31 00 00 00 00 00 00 00 00 00 00 00 00 00 00 00 00 dec
system-exclusive hex 00 20 6B 07 01 35 23 52 01 1E 00 10 00 00 00 00 1E 00 0A 10 42 65 6C 6C 73 20 32 00 00 00 00 00 00 00 00 00 00 00 00 00 00 00 00 dec
system-exclusive hex 00 20 6B 07 01 36 23 52 01 1F 00 10 00 00 00 00 1F 00 0A 10 53 75 62 4F 73 63 54 65 6D 70 6C 61 74 65 00 00 00 00 00 00 00 00 00 dec
system-exclusive hex 00 20 6B 07 01 37 23 52 01 20 00 18 00 00 00 00 20 00 00 10 49 6E 69 74 00 00 00 00 00 00 00 00 00 00 00 00 00 00 00 00 00 00 00 dec
system-exclusive hex 00 20 6B 07 01 38 23 52 01 21 00 18 00 00 00 00 21 00 00 10 49 6E 69 74 00 00 00 00 00 00 00 00 00 00 00 00 00 00 00 00 00 00 00 dec
system-exclusive hex 00 20 6B 07 01 39 23 52 01 22 00 18 00 00 00 00 22 00 00 10 49 6E 69 74 00 00 00 00 00 00 00 00 00 00 00 00 00 00 00 00 00 00 00 dec
system-exclusive hex 00 20 6B 07 01 3A 23 52 01 23 00 18 00 00 00 00 23 00 00 10 49 6E 69 74 00 00 00 00 00 00 00 00 00 00 00 00 00 00 00 00 00 00 00 dec
system-exclusive hex 00 20 6B 07 01 3B 23 52 01 24 00 18 00 00 00 00 24 00 00 10 49 6E 69 74 00 00 00 00 00 00 00 00 00 00 00 00 00 00 00 00 00 00 00 dec
system-exclusive hex 00 20 6B 07 01 3C 23 52 01 25 00 18 00 00 00 00 25 00 00 10 49 6E 69 74 00 00 00 00 00 00 00 00 00 00 00 00 00 00 00 00 00 00 00 dec
system-exclusive hex 00 20 6B 07 01 3D 23 52 01 26 00 18 00 00 00 00 26 00 00 10 49 6E 69 74 00 00 00 00 00 00 00 00 00 00 00 00 00 00 00 00 00 00 00 dec
system-exclusive hex 00 20 6B 07 01 3E 23 52 01 27 00 18 00 00 00 00 27 00 00 10 49 6E 69 74 00 00 00 00 00 00 00 00 00 00 00 00 00 00 00 00 00 00 00 dec
system-exclusive hex 00 20 6B 07 01 3F 23 52 01 28 00 18 00 00 00 00 28 00 00 10 49 6E 69 74 00 00 00 00 00 00 00 00 00 00 00 00 00 00 00 00 00 00 00 dec
system-exclusive hex 00 20 6B 07 01 40 23 52 01 29 00 18 00 00 00 00 29 00 00 10 49 6E 69 74 00 00 00 00 00 00 00 00 00 00 00 00 00 00 00 00 00 00 00 dec
system-exclusive hex 00 20 6B 07 01 41 23 52 01 2A 00 18 00 00 00 00 2A 00 00 10 49 6E 69 74 00 00 00 00 00 00 00 00 00 00 00 00 00 00 00 00 00 00 00 dec
system-exclusive hex 00 20 6B 07 01 42 23 52 01 2B 00 18 00 00 00 00 2B 00 00 10 49 6E 69 74 00 00 00 00 00 00 00 00 00 00 00 00 00 00 00 00 00 00 00 dec
system-exclusive hex 00 20 6B 07 01 43 23 52 01 2C 00 18 00 00 00 00 2C 00 00 10 49 6E 69 74 00 00 00 00 00 00 00 00 00 00 00 00 00 00 00 00 00 00 00 dec
system-exclusive hex 00 20 6B 07 01 44 23 52 01 2D 00 18 00 00 00 00 2D 00 00 10 49 6E 69 74 00 00 00 00 00 00 00 00 00 00 00 00 00 00 00 00 00 00 00 dec
system-exclusive hex 00 20 6B 07 01 45 23 52 01 2E 00 18 00 00 00 00 2E 00 00 10 49 6E 69 74 00 00 00 00 00 00 00 00 00 00 00 00 00 00 00 00 00 00 00 dec
system-exclusive hex 00 20 6B 07 01 46 23 52 01 2F 00 18 00 00 00 00 2F 00 00 10 49 6E 69 74 00 00 00 00 00 00 00 00 00 00 00 00 00 00 00 00 00 00 00 dec
system-exclusive hex 00 20 6B 07 01 47 23 52 01 30 00 18 00 00 00 00 30 00 00 10 49 6E 69 74 00 00 00 00 00 00 00 00 00 00 00 00 00 00 00 00 00 00 00 dec
system-exclusive hex 00 20 6B 07 01 48 23 52 01 31 00 18 00 00 00 00 31 00 00 10 49 6E 69 74 00 00 00 00 00 00 00 00 00 00 00 00 00 00 00 00 00 00 00 dec
system-exclusive hex 00 20 6B 07 01 49 23 52 01 32 00 18 00 00 00 00 32 00 00 10 49 6E 69 74 00 00 00 00 00 00 00 00 00 00 00 00 00 00 00 00 00 00 00 dec
system-exclusive hex 00 20 6B 07 01 4A 23 52 01 33 00 18 00 00 00 00 33 00 00 10 49 6E 69 74 00 00 00 00 00 00 00 00 00 00 00 00 00 00 00 00 00 00 00 dec
system-exclusive hex 00 20 6B 07 01 4B 23 52 01 34 00 18 00 00 00 00 34 00 00 10 49 6E 69 74 00 00 00 00 00 00 00 00 00 00 00 00 00 00 00 00 00 00 00 dec
system-exclusive hex 00 20 6B 07 01 4C 23 52 01 35 00 18 00 00 00 00 35 00 00 10 49 6E 69 74 00 00 00 00 00 00 00 00 00 00 00 00 00 00 00 00 00 00 00 dec
system-exclusive hex 00 20 6B 07 01 4D 23 52 01 36 00 18 00 00 00 00 36 00 00 10 49 6E 69 74 00 00 00 00 00 00 00 00 00 00 00 00 00 00 00 00 00 00 00 dec
system-exclusive hex 00 20 6B 07 01 4E 23 52 01 37 00 18 00 00 00 00 37 00 00 10 49 6E 69 74 00 00 00 00 00 00 00 00 00 00 00 00 00 00 00 00 00 00 00 dec
system-exclusive hex 00 20 6B 07 01 4F 23 52 01 38 00 18 00 00 00 00 38 00 00 10 49 6E 69 74 00 00 00 00 00 00 00 00 00 00 00 00 00 00 00 00 00 00 00 dec
system-exclusive hex 00 20 6B 07 01 50 23 52 01 39 00 18 00 00 00 00 39 00 00 10 49 6E 69 74 00 00 00 00 00 00 00 00 00 00 00 00 00 00 00 00 00 00 00 dec
system-exclusive hex 00 20 6B 07 01 51 23 52 01 3A 00 18 00 00 00 00 3A 00 00 10 49 6E 69 74 00 00 00 00 00 00 00 00 00 00 00 00 00 00 00 00 00 00 00 dec
system-exclusive hex 00 20 6B 07 01 52 23 52 01 3B 00 18 00 00 00 00 3B 00 00 10 49 6E 69 74 00 00 00 00 00 00 00 00 00 00 00 00 00 00 00 00 00 00 00 dec
system-exclusive hex 00 20 6B 07 01 53 23 52 01 3C 00 18 00 00 00 00 3C 00 00 10 49 6E 69 74 00 00 00 00 00 00 00 00 00 00 00 00 00 00 00 00 00 00 00 dec
system-exclusive hex 00 20 6B 07 01 54 23 52 01 3D 00 18 00 00 00 00 3D 00 00 10 49 6E 69 74 00 00 00 00 00 00 00 00 00 00 00 00 00 00 00 00 00 00 00 dec
system-exclusive hex 00 20 6B 07 01 55 23 52 01 3E 00 18 00 00 00 00 3E 00 00 10 49 6E 69 74 00 00 00 00 00 00 00 00 00 00 00 00 00 00 00 00 00 00 00 dec
system-exclusive hex 00 20 6B 07 01 56 23 52 01 3F 00 18 00 00 00 00 3F 00 00 10 49 6E 69 74 00 00 00 00 00 00 00 00 00 00 00 00 00 00 00 00 00 00 00 dec
system-exclusive hex 00 20 6B 07 01 57 23 52 01 40 00 18 00 00 00 00 40 00 00 10 49 6E 69 74 00 00 00 00 00 00 00 00 00 00 00 00 00 00 00 00 00 00 00 dec
system-exclusive hex 00 20 6B 07 01 58 23 52 01 41 00 18 00 00 00 00 41 00 00 10 49 6E 69 74 00 00 00 00 00 00 00 00 00 00 00 00 00 00 00 00 00 00 00 dec
system-exclusive hex 00 20 6B 07 01 59 23 52 01 42 00 18 00 00 00 00 42 00 00 10 49 6E 69 74 00 00 00 00 00 00 00 00 00 00 00 00 00 00 00 00 00 00 00 dec
system-exclusive hex 00 20 6B 07 01 5A 23 52 01 43 00 18 00 00 00 00 43 00 00 10 49 6E 69 74 00 00 00 00 00 00 00 00 00 00 00 00 00 00 00 00 00 00 00 dec
system-exclusive hex 00 20 6B 07 01 5B 23 52 01 44 00 18 00 00 00 00 44 00 00 10 49 6E 69 74 00 00 00 00 00 00 00 00 00 00 00 00 00 00 00 00 00 00 00 dec
system-exclusive hex 00 20 6B 07 01 5C 23 52 01 45 00 18 00 00 00 00 45 00 00 10 49 6E 69 74 00 00 00 00 00 00 00 00 00 00 00 00 00 00 00 00 00 00 00 dec
system-exclusive hex 00 20 6B 07 01 5D 23 52 01 46 00 18 00 00 00 00 46 00 00 10 49 6E 69 74 00 00 00 00 00 00 00 00 00 00 00 00 00 00 00 00 00 00 00 dec
system-exclusive hex 00 20 6B 07 01 5E 23 52 01 47 00 10 00 00 00 00 47 00 05 10 4F 76 6E 69 31 00 00 00 00 00 00 00 00 00 00 00 00 00 00 00 00 00 00 dec
system-exclusive hex 00 20 6B 07 01 5F 23 52 01 48 00 10 00 00 00 00 48 00 07 10 33 72 64 20 4B 00 00 00 00 00 00 00 00 00 00 00 00 00 00 00 00 00 00 dec
system-exclusive hex 00 20 6B 07 01 60 23 52 01 49 00 18 00 00 00 00 49 00 00 10 49 6E 69 74 00 00 00 00 00 00 00 00 00 00 00 00 00 00 00 00 00 00 00 dec
system-exclusive hex 00 20 6B 07 01 61 23 52 01 4A 00 18 00 00 00 00 4A 00 00 10 49 6E 69 74 00 00 00 00 00 00 00 00 00 00 00 00 00 00 00 00 00 00 00 dec
system-exclusive hex 00 20 6B 07 01 62 23 52 01 4B 00 18 00 00 00 00 4B 00 00 10 49 6E 69 74 00 00 00 00 00 00 00 00 00 00 00 00 00 00 00 00 00 00 00 dec
system-exclusive hex 00 20 6B 07 01 63 23 52 01 4C 00 18 00 00 00 00 4C 00 00 10 49 6E 69 74 00 00 00 00 00 00 00 00 00 00 00 00 00 00 00 00 00 00 00 dec
system-exclusive hex 00 20 6B 07 01 64 23 52 01 4D 00 18 00 00 00 00 4D 00 00 10 49 6E 69 74 00 00 00 00 00 00 00 00 00 00 00 00 00 00 00 00 00 00 00 dec
system-exclusive hex 00 20 6B 07 01 65 23 52 01 4E 00 18 00 00 00 00 4E 00 00 10 49 6E 69 74 00 00 00 00 00 00 00 00 00 00 00 00 00 00 00 00 00 00 00 dec
system-exclusive hex 00 20 6B 07 01 66 23 52 01 4F 00 18 00 00 00 00 4F 00 00 10 49 6E 69 74 00 00 00 00 00 00 00 00 00 00 00 00 00 00 00 00 00 00 00 dec
system-exclusive hex 00 20 6B 07 01 67 23 52 01 50 00 18 00 00 00 00 50 00 00 10 49 6E 69 74 00 00 00 00 00 00 00 00 00 00 00 00 00 00 00 00 00 00 00 dec
system-exclusive hex 00 20 6B 07 01 68 23 52 01 51 00 18 00 00 00 00 51 00 00 10 49 6E 69 74 00 00 00 00 00 00 00 00 00 00 00 00 00 00 00 00 00 00 00 dec
system-exclusive hex 00 20 6B 07 01 69 23 52 01 52 00 18 00 00 00 00 52 00 00 10 49 6E 69 74 00 00 00 00 00 00 00 00 00 00 00 00 00 00 00 00 00 00 00 dec
system-exclusive hex 00 20 6B 07 01 6A 23 52 01 53 00 18 00 00 00 00 53 00 00 10 49 6E 69 74 00 00 00 00 00 00 00 00 00 00 00 00 00 00 00 00 00 00 00 dec
system-exclusive hex 00 20 6B 07 01 6B 23 52 01 54 00 10 00 00 00 00 54 00 00 10 49 6E 69 74 00 00 00 00 00 00 00 00 00 00 00 00 00 00 00 00 00 00 00 dec
system-exclusive hex 00 20 6B 07 01 6C 23 52 01 55 00 18 00 00 00 00 55 00 00 10 49 6E 69 74 00 00 00 00 00 00 00 00 00 00 00 00 00 00 00 00 00 00 00 dec
system-exclusive hex 00 20 6B 07 01 6D 23 52 01 56 00 10 00 00 00 00 56 00 08 10 49 75 69 74 00 00 00 00 00 00 00 00 00 00 00 00 00 00 00 00 00 00 00 dec
system-exclusive hex 00 20 6B 07 01 6E 23 52 01 57 00 10 00 00 00 00 57 00 05 10 42 6C 61 63 6B 20 31 00 00 00 00 00 00 00 00 00 00 00 00 00 00 00 00 dec
system-exclusive hex 00 20 6B 07 01 6F 23 52 01 58 00 18 00 00 00 00 58 00 00 10 49 6E 69 74 00 00 00 00 00 00 00 00 00 00 00 00 00 00 00 00 00 00 00 dec
system-exclusive hex 00 20 6B 07 01 70 23 52 01 59 00 18 00 00 00 00 59 00 00 10 49 6E 69 74 00 00 00 00 00 00 00 00 00 00 00 00 00 00 00 00 00 00 00 dec
system-exclusive hex 00 20 6B 07 01 71 23 52 01 5A 00 18 00 00 00 00 5A 00 00 10 49 6E 69 74 00 00 00 00 00 00 00 00 00 00 00 00 00 00 00 00 00 00 00 dec
system-exclusive hex 00 20 6B 07 01 72 23 52 01 5B 00 18 00 00 00 00 5B 00 00 10 49 6E 69 74 00 00 00 00 00 00 00 00 00 00 00 00 00 00 00 00 00 00 00 dec
system-exclusive hex 00 20 6B 07 01 73 23 52 01 5C 00 18 00 00 00 00 5C 00 00 10 49 6E 69 74 00 00 00 00 00 00 00 00 00 00 00 00 00 00 00 00 00 00 00 dec
system-exclusive hex 00 20 6B 07 01 74 23 52 01 5D 00 18 00 00 00 00 5D 00 00 10 49 6E 69 74 00 00 00 00 00 00 00 00 00 00 00 00 00 00 00 00 00 00 00 dec
system-exclusive hex 00 20 6B 07 01 75 23 52 01 5E 00 18 00 00 00 00 5E 00 00 10 49 6E 69 74 00 00 00 00 00 00 00 00 00 00 00 00 00 00 00 00 00 00 00 dec
system-exclusive hex 00 20 6B 07 01 76 23 52 01 5F 00 18 00 00 00 00 5F 00 00 10 49 6E 69 74 00 00 00 00 00 00 00 00 00 00 00 00 00 00 00 00 00 00 00 dec
system-exclusive hex 00 20 6B 07 01 77 23 52 01 60 00 18 00 00 00 00 60 00 00 10 49 6E 69 74 00 00 00 00 00 00 00 00 00 00 00 00 00 00 00 00 00 00 00 dec
system-exclusive hex 00 20 6B 07 01 78 23 52 01 61 00 18 00 00 00 00 61 00 00 10 49 6E 69 74 00 00 00 00 00 00 00 00 00 00 00 00 00 00 00 00 00 00 00 dec
system-exclusive hex 00 20 6B 07 01 79 23 52 01 62 00 18 00 00 00 00 62 00 00 10 49 6E 69 74 00 00 00 00 00 00 00 00 00 00 00 00 00 00 00 00 00 00 00 dec
system-exclusive hex 00 20 6B 07 01 7A 23 52 01 63 00 18 00 00 00 00 63 00 00 10 49 6E 69 74 00 00 00 00 00 00 00 00 00 00 00 00 00 00 00 00 00 00 00 dec
system-exclusive hex 00 20 6B 07 01 7B 23 52 01 64 00 18 00 00 00 00 64 00 00 10 49 6E 69 74 00 00 00 00 00 00 00 00 00 00 00 00 00 00 00 00 00 00 00 dec
system-exclusive hex 00 20 6B 07 01 7C 23 52 01 65 00 18 00 00 00 00 65 00 00 10 49 6E 69 74 00 00 00 00 00 00 00 00 00 00 00 00 00 00 00 00 00 00 00 dec
system-exclusive hex 00 20 6B 07 01 7D 23 52 01 66 00 18 00 00 00 00 66 00 00 10 49 6E 69 74 00 00 00 00 00 00 00 00 00 00 00 00 00 00 00 00 00 00 00 dec
system-exclusive hex 00 20 6B 07 01 7E 23 52 01 67 00 18 00 00 00 00 67 00 00 10 49 6E 69 74 00 00 00 00 00 00 00 00 00 00 00 00 00 00 00 00 00 00 00 dec
system-exclusive hex 00 20 6B 07 01 7F 23 52 01 68 00 18 00 00 00 00 68 00 00 10 49 6E 69 74 00 00 00 00 00 00 00 00 00 00 00 00 00 00 00 00 00 00 00 dec
system-exclusive hex 00 20 6B 07 01 00 23 52 01 69 00 18 00 00 00 00 69 00 00 10 49 6E 69 74 00 00 00 00 00 00 00 00 00 00 00 00 00 00 00 00 00 00 00 dec
system-exclusive hex 00 20 6B 07 01 01 23 52 01 6A 00 18 00 00 00 00 6A 00 00 10 49 6E 69 74 00 00 00 00 00 00 00 00 00 00 00 00 00 00 00 00 00 00 00 dec
system-exclusive hex 00 20 6B 07 01 02 23 52 01 6B 00 18 00 00 00 00 6B 00 00 10 49 6E 69 74 00 00 00 00 00 00 00 00 00 00 00 00 00 00 00 00 00 00 00 dec
system-exclusive hex 00 20 6B 07 01 03 23 52 01 6C 00 18 00 00 00 00 6C 00 00 10 49 6E 69 74 00 00 00 00 00 00 00 00 00 00 00 00 00 00 00 00 00 00 00 dec
system-exclusive hex 00 20 6B 07 01 04 23 52 01 6D 00 18 00 00 00 00 6D 00 00 10 49 6E 69 74 00 00 00 00 00 00 00 00 00 00 00 00 00 00 00 00 00 00 00 dec
system-exclusive hex 00 20 6B 07 01 05 23 52 01 6E 00 18 00 00 00 00 6E 00 00 10 49 6E 69 74 00 00 00 00 00 00 00 00 00 00 00 00 00 00 00 00 00 00 00 dec
system-exclusive hex 00 20 6B 07 01 06 23 52 01 6F 00 18 00 00 00 00 6F 00 00 10 49 6E 69 74 00 00 00 00 00 00 00 00 00 00 00 00 00 00 00 00 00 00 00 dec
system-exclusive hex 00 20 6B 07 01 07 23 52 01 70 00 18 00 00 00 00 70 00 00 10 49 6E 69 74 00 00 00 00 00 00 00 00 00 00 00 00 00 00 00 00 00 00 00 dec
system-exclusive hex 00 20 6B 07 01 08 23 52 01 71 00 18 00 00 00 00 71 00 00 10 49 6E 69 74 00 00 00 00 00 00 00 00 00 00 00 00 00 00 00 00 00 00 00 dec
system-exclusive hex 00 20 6B 07 01 09 23 52 01 72 00 18 00 00 00 00 72 00 00 10 49 6E 69 74 00 00 00 00 00 00 00 00 00 00 00 00 00 00 00 00 00 00 00 dec
system-exclusive hex 00 20 6B 07 01 0A 23 52 01 73 00 18 00 00 00 00 73 00 00 10 49 6E 69 74 00 00 00 00 00 00 00 00 00 00 00 00 00 00 00 00 00 00 00 dec
system-exclusive hex 00 20 6B 07 01 0B 23 52 01 74 00 18 00 00 00 00 74 00 00 10 49 6E 69 74 00 00 00 00 00 00 00 00 00 00 00 00 00 00 00 00 00 00 00 dec
system-exclusive hex 00 20 6B 07 01 0C 23 52 01 75 00 18 00 00 00 00 75 00 00 10 49 6E 69 74 00 00 00 00 00 00 00 00 00 00 00 00 00 00 00 00 00 00 00 dec
system-exclusive hex 00 20 6B 07 01 0D 23 52 01 76 00 18 00 00 00 00 76 00 00 10 49 6E 69 74 00 00 00 00 00 00 00 00 00 00 00 00 00 00 00 00 00 00 00 dec
system-exclusive hex 00 20 6B 07 01 0E 23 52 01 77 00 18 00 00 00 00 77 00 00 10 49 6E 69 74 00 00 00 00 00 00 00 00 00 00 00 00 00 00 00 00 00 00 00 dec
system-exclusive hex 00 20 6B 07 01 0F 23 52 01 78 00 18 00 00 00 00 78 00 00 10 49 6E 69 74 00 00 00 00 00 00 00 00 00 00 00 00 00 00 00 00 00 00 00 dec
system-exclusive hex 00 20 6B 07 01 10 23 52 01 79 00 18 00 00 00 00 79 00 00 10 49 6E 69 74 00 00 00 00 00 00 00 00 00 00 00 00 00 00 00 00 00 00 00 dec
system-exclusive hex 00 20 6B 07 01 11 23 52 01 7A 00 18 00 00 00 00 7A 00 00 10 49 6E 69 74 00 00 00 00 00 00 00 00 00 00 00 00 00 00 00 00 00 00 00 dec
system-exclusive hex 00 20 6B 07 01 12 23 52 01 7B 00 18 00 00 00 00 7B 00 00 10 49 6E 69 74 00 00 00 00 00 00 00 00 00 00 00 00 00 00 00 00 00 00 00 dec
system-exclusive hex 00 20 6B 07 01 13 23 52 01 7C 00 18 00 00 00 00 7C 00 00 10 49 6E 69 74 00 00 00 00 00 00 00 00 00 00 00 00 00 00 00 00 00 00 00 dec
system-exclusive hex 00 20 6B 07 01 14 23 52 01 7D 00 18 00 00 00 00 7D 00 00 10 49 6E 69 74 00 00 00 00 00 00 00 00 00 00 00 00 00 00 00 00 00 00 00 dec
system-exclusive hex 00 20 6B 07 01 15 23 52 01 7E 00 18 00 00 00 00 7E 00 00 10 49 6E 69 74 00 00 00 00 00 00 00 00 00 00 00 00 00 00 00 00 00 00 00 dec
system-exclusive hex 00 20 6B 07 01 16 23 52 01 7F 00 10 00 00 00 00 7F 00 07 10 41 42 43 44 58 58 58 58 58 58 58 58 58 58 00 00 00 00 00 00 00 00 00 dec
